[LEFT_CAM_2K]
fx=1055.63
fy=1055.07
cx=1089.85
cy=614.314
k1=-0.0423992
k2=0.0119105
k3=-0.00545535
p1=-0.000142006
p2=-0.000453113

[RIGHT_CAM_2K]
fx=1061.41
fy=1060.73
cx=1127.31
cy=623.644
k1=-0.0456174
k2=0.0139429
k3=-0.00595151
p1=-0.000216082
p2=0.000214078

[LEFT_CAM_FHD]
fx=1055.63
fy=1055.07
cx=945.85
cy=533.314
k1=-0.0423992
k2=0.0119105
k3=-0.00545535
p1=-0.000142006
p2=-0.000453113

[RIGHT_CAM_FHD]
fx=1061.41
fy=1060.73
cx=983.31
cy=542.644
k1=-0.0456174
k2=0.0139429
k3=-0.00595151
p1=-0.000216082
p2=0.000214078

[LEFT_CAM_HD]
fx=527.815
fy=527.535
cx=631.425
cy=355.157
k1=-0.0423992
k2=0.0119105
k3=-0.00545535
p1=-0.000142006
p2=-0.000453113

[RIGHT_CAM_HD]
fx=530.705
fy=530.365
cx=650.155
cy=359.822
k1=-0.0456174
k2=0.0139429
k3=-0.00595151
p1=-0.000216082
p2=0.000214078

[LEFT_CAM_VGA]
fx=263.9075
fy=263.7675
cx=331.2125
cy=185.0785
k1=-0.0423992
k2=0.0119105
k3=-0.00545535
p1=-0.000142006
p2=-0.000453113

[RIGHT_CAM_VGA]
fx=265.3525
fy=265.1825
cx=340.5775
cy=187.411
k1=-0.0456174
k2=0.0139429
k3=-0.00595151
p1=-0.000216082
p2=0.000214078

[STEREO]
Baseline=119.699
TY=0.100744
TZ=-0.271194
CV_2K=-0.00288624
CV_FHD=-0.00288624
CV_HD=-0.00288624
CV_VGA=-0.00288624
RX_2K=-0.0015008
RX_FHD=-0.0015008
RX_HD=-0.0015008
RX_VGA=-0.0015008
RZ_2K=-0.000960677
RZ_FHD=-0.000960677
RZ_HD=-0.000960677
RZ_VGA=-0.000960677

